 -0.229268298       1.67476013E-03
 -0.217804879       2.83556548E-03
 -0.206341475       3.88190430E-03
 -0.194878057       4.85568540E-03
 -0.183414638       5.77186281E-03
 -0.171951234       6.63637277E-03
 -0.160487801       7.45137362E-03
 -0.149024397       8.21718574E-03
 -0.137560979       8.93316511E-03
 -0.126097560       9.59815644E-03
 -0.114634156       1.02107497E-02
 -0.103170738       1.07694352E-02
  -9.17073190E-02   1.12727163E-02
  -8.02439004E-02   1.17191849E-02
  -6.87804967E-02   1.21075697E-02
  -5.73170781E-02   1.24367997E-02
  -4.58536595E-02   1.27060385E-02
  -3.43902558E-02   1.29147666E-02
  -2.29268372E-02   1.30628999E-02
  -1.14634186E-02   1.31512769E-02
  -1.49011612E-08   1.31892059E-02
   1.14634037E-02   1.31512741E-02
   2.29268223E-02   1.30628925E-02
   3.43902558E-02   1.29147554E-02
   4.58536595E-02   1.27060264E-02
   5.73170632E-02   1.24367885E-02
   6.87804967E-02   1.21075623E-02
   8.02439004E-02   1.17191784E-02
   9.17073041E-02   1.12727135E-02
  0.103170738       1.07694371E-02
  0.114634141       1.02107525E-02
  0.126097545       9.59816296E-03
  0.137560979       8.93317163E-03
  0.149024382       8.21719225E-03
  0.160487786       7.45138247E-03
  0.171951219       6.63638301E-03
  0.183414623       5.77187445E-03
  0.194878027       4.85569518E-03
  0.206341460       3.88191128E-03
  0.217804864       2.83557083E-03
  0.229268268       1.67476293E-03
